9
X421B     0.000000 226.000000 190.000000 189.000000 189.000000 220.000000 188.000000 186.000000 127.000000
X421C     226.000000 0.000000 207.000000 175.000000 167.000000 218.000000 191.000000 181.000000 162.000000
X421D     190.000000 207.000000 0.000000 123.000000 120.000000 169.000000 140.000000 119.000000 86.000000
X421E     189.000000 175.000000 123.000000 0.000000 66.000000 80.000000 76.000000 71.000000 70.000000
X421F     189.000000 167.000000 120.000000 66.000000 0.000000 107.000000 76.000000 78.000000 72.000000
X421G     220.000000 218.000000 169.000000 80.000000 107.000000 0.000000 101.000000 102.000000 98.000000
X421H     188.000000 191.000000 140.000000 76.000000 76.000000 101.000000 0.000000 90.000000 66.000000
X421L     186.000000 181.000000 119.000000 71.000000 78.000000 102.000000 90.000000 0.000000 70.000000
diploid   127.000000 162.000000 86.000000 70.000000 72.000000 98.000000 66.000000 70.000000 0.000000
