9
X421B     0.000000 292.000000 207.000000 260.000000 237.000000 292.000000 237.000000 226.000000 134.000000
X421C     292.000000 0.000000 229.000000 248.000000 225.000000 280.000000 225.000000 214.000000 186.000000
X421D     207.000000 229.000000 0.000000 197.000000 174.000000 229.000000 174.000000 163.000000 101.000000
X421E     260.000000 248.000000 197.000000 0.000000 91.000000 80.000000 117.000000 132.000000 154.000000
X421F     237.000000 225.000000 174.000000 91.000000 0.000000 123.000000 94.000000 109.000000 131.000000
X421G     292.000000 280.000000 229.000000 80.000000 123.000000 0.000000 149.000000 164.000000 186.000000
X421H     237.000000 225.000000 174.000000 117.000000 94.000000 149.000000 0.000000 109.000000 131.000000
X421L     226.000000 214.000000 163.000000 132.000000 109.000000 164.000000 109.000000 0.000000 120.000000
diploid   134.000000 186.000000 101.000000 154.000000 131.000000 186.000000 131.000000 120.000000 0.000000
