9
X498C1    0.000000 129.000000 163.000000 151.000000 122.000000 159.000000 134.000000 200.000000 130.000000
X498C2    129.000000 0.000000 59.000000 59.000000 80.000000 114.000000 84.000000 113.000000 80.000000
X498D     163.000000 59.000000 0.000000 51.000000 101.000000 137.000000 107.000000 107.000000 102.000000
diploid   151.000000 59.000000 51.000000 0.000000 70.000000 106.000000 76.000000 69.000000 70.000000
meta      122.000000 80.000000 101.000000 70.000000 0.000000 79.000000 40.000000 123.000000 39.000000
metc      159.000000 114.000000 137.000000 106.000000 79.000000 0.000000 77.000000 159.000000 70.000000
metft     134.000000 84.000000 107.000000 76.000000 40.000000 77.000000 0.000000 133.000000 38.000000
primary   200.000000 113.000000 107.000000 69.000000 123.000000 159.000000 133.000000 0.000000 126.000000
recurrance 130.000000 80.000000 102.000000 70.000000 39.000000 70.000000 38.000000 126.000000 0.000000
