9
X498C1    0.000000 153.000000 188.000000 175.000000 134.000000 203.000000 152.000000 237.000000 162.000000
X498C2    153.000000 0.000000 89.000000 76.000000 123.000000 192.000000 141.000000 138.000000 151.000000
X498D     188.000000 89.000000 0.000000 59.000000 158.000000 227.000000 176.000000 121.000000 186.000000
diploid   175.000000 76.000000 59.000000 0.000000 145.000000 214.000000 163.000000 72.000000 173.000000
meta      134.000000 123.000000 158.000000 145.000000 0.000000 99.000000 48.000000 207.000000 58.000000
metc      203.000000 192.000000 227.000000 214.000000 99.000000 0.000000 85.000000 276.000000 77.000000
metft     152.000000 141.000000 176.000000 163.000000 48.000000 85.000000 0.000000 225.000000 44.000000
primary   237.000000 138.000000 121.000000 72.000000 207.000000 276.000000 225.000000 0.000000 235.000000
recurrance 162.000000 151.000000 186.000000 173.000000 58.000000 77.000000 44.000000 235.000000 0.000000
