8
X179C     0.000000 17.000000 73.000000 134.000000 17.000000 120.000000 148.000000 35.000000
X179D     17.000000 0.000000 71.000000 136.000000 23.000000 122.000000 154.000000 41.000000
X179E     73.000000 71.000000 0.000000 175.000000 67.000000 126.000000 194.000000 87.000000
X179F_2   134.000000 136.000000 175.000000 0.000000 132.000000 220.000000 94.000000 108.000000
X179G     17.000000 23.000000 67.000000 132.000000 0.000000 116.000000 148.000000 39.000000
X179L     120.000000 122.000000 126.000000 220.000000 116.000000 0.000000 231.000000 133.000000
X179_F1   148.000000 154.000000 194.000000 94.000000 148.000000 231.000000 0.000000 125.000000
diploid   35.000000 41.000000 87.000000 108.000000 39.000000 133.000000 125.000000 0.000000
