11
X299B     0.000000 11.000000 29.000000 45.000000 58.000000 34.000000 109.000000 27.000000 54.000000 46.000000 25.000000
X299D     11.000000 0.000000 27.000000 45.000000 58.000000 34.000000 106.000000 25.000000 51.000000 43.000000 21.000000
X299E     29.000000 27.000000 0.000000 48.000000 61.000000 30.000000 108.000000 34.000000 52.000000 41.000000 39.000000
X299F     45.000000 45.000000 48.000000 0.000000 80.000000 47.000000 119.000000 54.000000 79.000000 65.000000 60.000000
X299G     58.000000 58.000000 61.000000 80.000000 0.000000 63.000000 125.000000 50.000000 42.000000 59.000000 69.000000
X299H     34.000000 34.000000 30.000000 47.000000 63.000000 0.000000 103.000000 39.000000 59.000000 47.000000 46.000000
X299J     109.000000 106.000000 108.000000 119.000000 125.000000 103.000000 0.000000 111.000000 132.000000 111.000000 119.000000
X299K     27.000000 25.000000 34.000000 54.000000 50.000000 39.000000 111.000000 0.000000 38.000000 44.000000 40.000000
X299M     54.000000 51.000000 52.000000 79.000000 42.000000 59.000000 132.000000 38.000000 0.000000 47.000000 64.000000
X299N     46.000000 43.000000 41.000000 65.000000 59.000000 47.000000 111.000000 44.000000 47.000000 0.000000 53.000000
diploid   25.000000 21.000000 39.000000 60.000000 69.000000 46.000000 119.000000 40.000000 64.000000 53.000000 0.000000
