11
X299B     0.000000 26.000000 42.000000 60.000000 96.000000 67.000000 122.000000 45.000000 78.000000 64.000000 35.000000
X299D     26.000000 0.000000 46.000000 64.000000 100.000000 71.000000 126.000000 49.000000 82.000000 68.000000 23.000000
X299E     42.000000 46.000000 0.000000 66.000000 106.000000 73.000000 128.000000 55.000000 88.000000 74.000000 55.000000
X299F     60.000000 64.000000 66.000000 0.000000 124.000000 73.000000 128.000000 73.000000 106.000000 92.000000 73.000000
X299G     96.000000 100.000000 106.000000 124.000000 0.000000 131.000000 186.000000 83.000000 42.000000 72.000000 109.000000
X299H     67.000000 71.000000 73.000000 73.000000 131.000000 0.000000 111.000000 80.000000 113.000000 99.000000 80.000000
X299J     122.000000 126.000000 128.000000 128.000000 186.000000 111.000000 0.000000 135.000000 168.000000 154.000000 135.000000
X299K     45.000000 49.000000 55.000000 73.000000 83.000000 80.000000 135.000000 0.000000 65.000000 51.000000 58.000000
X299M     78.000000 82.000000 88.000000 106.000000 42.000000 113.000000 168.000000 65.000000 0.000000 54.000000 91.000000
X299N     64.000000 68.000000 74.000000 92.000000 72.000000 99.000000 154.000000 51.000000 54.000000 0.000000 77.000000
diploid   35.000000 23.000000 55.000000 73.000000 109.000000 80.000000 135.000000 58.000000 91.000000 77.000000 0.000000
