8
X179C     0.000000 0.000000 9.000000 17.000000 2.000000 8.000000 14.000000 2.000000
X179D     0.000000 0.000000 9.000000 17.000000 2.000000 8.000000 14.000000 2.000000
X179E     9.000000 9.000000 0.000000 24.000000 10.000000 11.000000 21.000000 11.000000
X179F_2   17.000000 17.000000 24.000000 0.000000 17.000000 22.000000 10.000000 16.000000
X179G     2.000000 2.000000 10.000000 17.000000 0.000000 8.000000 14.000000 3.000000
X179L     8.000000 8.000000 11.000000 22.000000 8.000000 0.000000 17.000000 8.000000
X179_F1   14.000000 14.000000 21.000000 10.000000 14.000000 17.000000 0.000000 13.000000
diploid   2.000000 2.000000 11.000000 16.000000 3.000000 8.000000 13.000000 0.000000
