8
X179C     0.000000 0.000000 5.000000 16.000000 0.000000 9.000000 12.000000 4.000000
X179D     0.000000 0.000000 5.000000 16.000000 0.000000 9.000000 12.000000 4.000000
X179E     5.000000 5.000000 0.000000 20.000000 5.000000 12.000000 16.000000 9.000000
X179F_2   16.000000 16.000000 20.000000 0.000000 16.000000 18.000000 7.000000 12.000000
X179G     0.000000 0.000000 5.000000 16.000000 0.000000 9.000000 12.000000 4.000000
X179L     9.000000 9.000000 12.000000 18.000000 9.000000 0.000000 15.000000 11.000000
X179_F1   12.000000 12.000000 16.000000 7.000000 12.000000 15.000000 0.000000 8.000000
diploid   4.000000 4.000000 9.000000 12.000000 4.000000 11.000000 8.000000 0.000000
