8
X179C     0.000000 2.000000 4.000000 13.000000 2.000000 10.000000 15.000000 4.000000
X179D     2.000000 0.000000 4.000000 13.000000 1.000000 10.000000 15.000000 4.000000
X179E     4.000000 4.000000 0.000000 12.000000 4.000000 11.000000 14.000000 5.000000
X179F_2   13.000000 13.000000 12.000000 0.000000 13.000000 20.000000 3.000000 9.000000
X179G     2.000000 1.000000 4.000000 13.000000 0.000000 10.000000 15.000000 4.000000
X179L     10.000000 10.000000 11.000000 20.000000 10.000000 0.000000 22.000000 11.000000
X179_F1   15.000000 15.000000 14.000000 3.000000 15.000000 22.000000 0.000000 11.000000
diploid   4.000000 4.000000 5.000000 9.000000 4.000000 11.000000 11.000000 0.000000
