8
X167C     0.000000 48.000000 15.000000 70.000000 67.000000 80.000000 62.000000 31.000000
X167D     48.000000 0.000000 57.000000 54.000000 69.000000 61.000000 55.000000 52.000000
X167E     15.000000 57.000000 0.000000 75.000000 71.000000 89.000000 73.000000 40.000000
X167G     70.000000 54.000000 75.000000 0.000000 74.000000 71.000000 70.000000 74.000000
X167H     67.000000 69.000000 71.000000 74.000000 0.000000 75.000000 62.000000 69.000000
X167J     80.000000 61.000000 89.000000 71.000000 75.000000 0.000000 70.000000 87.000000
X167L     62.000000 55.000000 73.000000 70.000000 62.000000 70.000000 0.000000 69.000000
diploid   31.000000 52.000000 40.000000 74.000000 69.000000 87.000000 69.000000 0.000000
