8
X167C     0.000000 58.000000 15.000000 107.000000 109.000000 106.000000 102.000000 36.000000
X167D     58.000000 0.000000 71.000000 83.000000 85.000000 82.000000 78.000000 60.000000
X167E     15.000000 71.000000 0.000000 120.000000 122.000000 119.000000 115.000000 49.000000
X167G     107.000000 83.000000 120.000000 0.000000 96.000000 73.000000 89.000000 109.000000
X167H     109.000000 85.000000 122.000000 96.000000 0.000000 95.000000 65.000000 111.000000
X167J     106.000000 82.000000 119.000000 73.000000 95.000000 0.000000 88.000000 108.000000
X167L     102.000000 78.000000 115.000000 89.000000 65.000000 88.000000 0.000000 104.000000
diploid   36.000000 60.000000 49.000000 109.000000 111.000000 108.000000 104.000000 0.000000
